193
0.000000,1.000000;0.000000,0.000000;-1
0.020404,0.999792;1.000000,3.333333;-1
0.041631,0.999133;1.000000,3.333333;-1
0.063700,0.997969;3.000000,2.000000;-1
0.086630,0.996241;1.000000,3.333333;-1
0.110432,0.993884;0.000000,0.000000;-1
0.135113,0.990830;1.000000,3.333333;-1
0.160676,0.987007;0.000000,0.000000;-1
0.187112,0.982339;0.000000,0.000000;-1
0.214407,0.976744;1.000000,3.333333;-1
0.242536,0.970143;0.000000,0.000000;-1
0.271460,0.962450;0.000000,0.000000;-1
0.301131,0.953583;1.000000,3.333333;-1
0.331486,0.943460;1.000000,3.333333;-1
0.362446,0.932005;1.000000,3.333333;-1
0.393919,0.919145;0.000000,0.000000;-1
0.425797,0.904819;0.000000,0.000000;-1
0.457957,0.888975;1.000000,3.333333;-1
0.490261,0.871576;0.000000,0.000000;-1
0.522562,0.852601;1.000000,3.333333;-1
0.554700,0.832050;0.000000,0.000000;-1
0.586510,0.809942;1.000000,3.333333;-1
0.617822,0.786318;0.000000,0.000000;-1
0.648466,0.761243;0.000000,0.000000;-1
0.678280,0.734803;3.000000,2.000000;-1
0.707107,0.707107;0.000000,0.000000;-1
0.734803,0.678280;0.000000,0.000000;-1
0.761243,0.648466;0.000000,0.000000;-1
0.786318,0.617822;0.000000,0.000000;-1
0.809942,0.586510;0.000000,0.000000;-1
0.832050,0.554700;3.000000,2.000000;-1
0.852601,0.522562;0.000000,0.000000;-1
0.871576,0.490261;1.000000,3.333333;-1
0.888975,0.457957;0.000000,0.000000;-1
0.904819,0.425797;0.000000,0.000000;-1
0.919145,0.393919;0.000000,0.000000;-1
0.932005,0.362446;0.000000,0.000000;-1
0.943460,0.331486;0.000000,0.000000;-1
0.953583,0.301131;0.000000,0.000000;-1
0.962450,0.271460;0.000000,0.000000;-1
0.970143,0.242536;1.000000,3.333333;-1
0.976744,0.214407;0.000000,0.000000;-1
0.982339,0.187112;0.000000,0.000000;-1
0.987007,0.160676;3.000000,2.000000;-1
0.990830,0.135113;0.000000,0.000000;-1
0.993884,0.110432;0.000000,0.000000;-1
0.996241,0.086630;0.000000,0.000000;-1
0.997969,0.063700;0.000000,0.000000;-1
0.999133,0.041631;1.000000,3.333333;-1
0.999792,0.020404;0.000000,0.000000;-1
1.000000,-0.000000;1.000000,3.333333;-1
0.000000,1.000000;0.000000,0.000000;0
0.000000,1.000000;3.000000,2.500000;51
0.020404,0.999792;3.000000,2.500000;1
0.020404,0.999792;3.000000,2.500000;53
0.041631,0.999133;1.000000,1.666667;2
0.041631,0.999133;1.000000,5.000000;55
0.063700,0.997969;1.000000,5.000000;3
0.063700,0.997969;3.000000,1.666667;57
0.086630,0.996241;3.000000,0.476190;4
0.086630,0.996241;3.000000,1.666667;59
0.110432,0.993884;3.000000,0.357143;5
0.110432,0.993884;3.000000,0.322581;61
0.135113,0.990830;1.000000,5.000000;6
0.135113,0.990830;3.000000,2.500000;63
0.160676,0.987007;3.000000,1.666667;7
0.160676,0.987007;3.000000,1.666667;65
0.187112,0.982339;1.000000,2.500000;8
0.187112,0.982339;3.000000,1.666667;67
0.214407,0.976744;1.000000,5.000000;9
0.214407,0.976744;3.000000,2.500000;69
0.242536,0.970143;3.000000,1.250000;10
0.242536,0.970143;3.000000,1.666667;71
0.271460,0.962450;3.000000,2.500000;11
0.271460,0.962450;3.000000,2.500000;73
0.301131,0.953583;3.000000,0.500000;12
0.301131,0.953583;3.000000,2.500000;75
0.331486,0.943460;3.000000,1.000000;13
0.331486,0.943460;3.000000,2.500000;77
0.362446,0.932005;3.000000,2.500000;14
0.362446,0.932005;1.000000,2.500000;79
0.393919,0.919145;1.000000,5.000000;15
0.393919,0.919145;3.000000,2.500000;81
0.425797,0.904819;1.000000,5.000000;16
0.425797,0.904819;3.000000,2.500000;83
0.457957,0.888975;0.000000,0.000000;17
0.457957,0.888975;1.000000,5.000000;85
0.490261,0.871576;1.000000,5.000000;18
0.490261,0.871576;3.000000,2.500000;87
0.522562,0.852601;1.000000,2.500000;19
0.522562,0.852601;3.000000,1.666667;89
0.554700,0.832050;1.000000,5.000000;20
0.554700,0.832050;1.000000,5.000000;91
0.586510,0.809942;1.000000,5.000000;21
0.586510,0.809942;3.000000,2.500000;93
0.617822,0.786318;3.000000,1.666667;22
0.617822,0.786318;3.000000,1.666667;95
0.648466,0.761243;1.000000,5.000000;23
0.648466,0.761243;1.000000,5.000000;97
0.678280,0.734803;0.000000,0.000000;24
0.678280,0.734803;3.000000,1.250000;99
0.707107,0.707107;3.000000,1.250000;25
0.707107,0.707107;3.000000,1.666667;101
0.734803,0.678280;0.000000,0.000000;26
0.734803,0.678280;3.000000,0.769231;103
0.761243,0.648466;1.000000,5.000000;27
0.761243,0.648466;3.000000,2.500000;105
0.786318,0.617822;1.000000,5.000000;28
0.786318,0.617822;3.000000,2.500000;107
0.809942,0.586510;1.000000,2.500000;29
0.809942,0.586510;3.000000,2.500000;109
0.832050,0.554700;1.000000,5.000000;30
0.832050,0.554700;3.000000,2.500000;111
0.852601,0.522562;0.000000,0.000000;31
0.852601,0.522562;3.000000,1.000000;113
0.871576,0.490261;3.000000,1.000000;32
0.871576,0.490261;3.000000,2.500000;115
0.888975,0.457957;3.000000,1.000000;33
0.888975,0.457957;3.000000,1.666667;117
0.904819,0.425797;1.000000,2.000000;34
0.904819,0.425797;1.000000,5.000000;119
0.919145,0.393919;1.000000,5.000000;35
0.919145,0.393919;3.000000,2.500000;121
0.932005,0.362446;0.000000,0.000000;36
0.932005,0.362446;3.000000,2.500000;123
0.943460,0.331486;8.000000,1.250000;37
0.943460,0.331486;3.000000,2.500000;125
0.953583,0.301131;0.000000,0.000000;38
0.953583,0.301131;3.000000,0.833333;127
0.962450,0.271460;3.000000,2.500000;39
0.962450,0.271460;3.000000,2.500000;129
0.970143,0.242536;3.000000,0.714286;40
0.970143,0.242536;3.000000,2.500000;131
0.976744,0.214407;0.000000,0.000000;41
0.976744,0.214407;3.000000,2.500000;133
0.982339,0.187112;1.000000,5.000000;42
0.982339,0.187112;3.000000,2.500000;135
0.987007,0.160676;3.000000,0.500000;43
0.987007,0.160676;3.000000,2.500000;137
0.990830,0.135113;1.000000,5.000000;44
0.990830,0.135113;1.000000,5.000000;139
0.993884,0.110432;3.000000,2.500000;45
0.993884,0.110432;1.000000,5.000000;141
0.996241,0.086630;3.000000,1.666667;46
0.996241,0.086630;3.000000,0.714286;143
0.997969,0.063700;1.000000,5.000000;47
0.997969,0.063700;1.000000,1.000000;145
0.999133,0.041631;1.000000,5.000000;48
0.999133,0.041631;3.000000,0.526316;147
0.999792,0.020404;3.000000,0.243902;49
0.999792,0.020404;3.000000,1.666667;149
1.000000,-0.000000;3.000000,0.588235;50
1.000000,-0.000000;3.000000,0.714286;151
0.984562,0.175037;3.000000,0.769231;146
0.735931,0.677057;1.000000,5.000000;55
0.920928,0.389734;3.000000,0.666667;146
0.338719,0.940887;3.000000,1.666667;119
0.999999,0.001279;3.000000,1.666667;125
0.153236,0.988190;1.000000,5.000000;55
0.913871,0.406005;3.000000,2.500000;128
0.835597,0.549343;3.000000,1.666667;131
0.994675,0.103060;3.000000,2.500000;119
0.566820,0.823841;1.000000,5.000000;56
0.001279,0.999999;3.000000,1.666667;77
0.974643,0.223768;3.000000,2.500000;125
0.532032,0.846724;3.000000,1.666667;52
0.981303,0.192471;3.000000,1.666667;128
0.566820,0.823841;3.000000,2.500000;55
0.153236,0.988190;1.000000,5.000000;56
0.369287,0.929315;1.000000,5.000000;55
0.369287,0.929315;1.000000,5.000000;56
0.461353,0.887217;3.000000,1.666667;128
0.800613,0.599181;3.000000,1.666667;128
0.647210,0.762312;3.000000,1.666667;128
0.735931,0.677057;3.000000,2.500000;56
0.721387,0.692532;1.000000,5.000000;1
0.549198,0.835692;3.000000,0.476190;1
0.539594,0.841925;3.000000,2.500000;119
0.707107,0.707107;1.000000,2.500000;52
0.946804,0.321812;3.000000,1.000000;119
0.851455,0.524427;3.000000,2.500000;119
0.713411,0.700745;3.000000,1.666667;119
0.330279,0.943883;3.000000,1.666667;52
0.111964,0.993712;3.000000,1.666667;52
0.349469,0.936948;0.000000,0.000000;1
0.132217,0.991221;1.000000,5.000000;1
0.826927,0.562310;3.000000,2.500000;67
0.681068,0.732220;3.000000,2.000000;67
0.501058,0.865414;3.000000,1.666667;67
0.295923,0.955212;1.000000,2.500000;67
0.075949,0.997112;3.000000,1.666667;67
0.811114,0.584888;3.000000,0.769231;146
0.660628,0.750714;1.000000,5.000000;146
14
56
1
67
119
55
146
52
3
58
71
77
128
131
125
