187
0.000000,1.000000;0.000000,24.800000;-1
0.020404,0.999792;4.000000,24.800000;-1
0.041631,0.999133;1.000000,24.800000;-1
0.063700,0.997969;11.000000,24.800000;-1
0.086630,0.996241;1.000000,24.800000;-1
0.110432,0.993884;0.000000,24.800000;-1
0.135113,0.990830;1.000000,24.800000;-1
0.160676,0.987007;0.000000,24.800000;-1
0.187112,0.982339;0.000000,24.800000;-1
0.214407,0.976744;4.000000,24.800000;-1
0.242536,0.970143;0.000000,24.800000;-1
0.271460,0.962450;0.000000,24.800000;-1
0.301131,0.953583;1.000000,24.800000;-1
0.331486,0.943460;1.000000,24.800000;-1
0.362446,0.932005;1.000000,24.800000;-1
0.393919,0.919145;0.000000,24.800000;-1
0.425797,0.904819;0.000000,24.800000;-1
0.457957,0.888975;1.000000,24.800000;-1
0.490261,0.871576;0.000000,24.800000;-1
0.522562,0.852601;1.000000,24.800000;-1
0.554700,0.832050;0.000000,24.800000;-1
0.586510,0.809942;1.000000,24.800000;-1
0.617822,0.786318;0.000000,24.800000;-1
0.648466,0.761243;0.000000,24.800000;-1
0.678280,0.734803;3.000000,24.800000;-1
0.707107,0.707107;0.000000,24.800000;-1
0.734803,0.678280;0.000000,24.800000;-1
0.761243,0.648466;0.000000,24.800000;-1
0.786318,0.617822;0.000000,24.800000;-1
0.809942,0.586510;0.000000,24.800000;-1
0.832050,0.554700;11.000000,24.800000;-1
0.852601,0.522562;0.000000,24.800000;-1
0.871576,0.490261;4.000000,24.800000;-1
0.888975,0.457957;0.000000,24.800000;-1
0.904819,0.425797;0.000000,24.800000;-1
0.919145,0.393919;0.000000,24.800000;-1
0.932005,0.362446;0.000000,24.800000;-1
0.943460,0.331486;0.000000,24.800000;-1
0.953583,0.301131;0.000000,24.800000;-1
0.962450,0.271460;0.000000,24.800000;-1
0.970143,0.242536;1.000000,24.800000;-1
0.976744,0.214407;0.000000,24.800000;-1
0.982339,0.187112;0.000000,24.800000;-1
0.987007,0.160676;31.000000,24.800000;-1
0.990830,0.135113;0.000000,24.800000;-1
0.993884,0.110432;0.000000,24.800000;-1
0.996241,0.086630;0.000000,24.800000;-1
0.997969,0.063700;0.000000,24.800000;-1
0.999133,0.041631;1.000000,24.800000;-1
0.999792,0.020404;0.000000,24.800000;-1
1.000000,-0.000000;1.000000,24.800000;-1
0.000000,1.000000;1.000000,24.800000;0
0.000000,1.000000;1.000000,24.800000;51
0.020404,0.999792;1.000000,24.800000;1
0.020404,0.999792;1.000000,24.800000;53
0.041631,0.999133;0.000000,24.800000;2
0.041631,0.999133;1.000000,24.800000;55
0.063700,0.997969;1.000000,24.800000;3
0.063700,0.997969;1.000000,24.800000;57
0.086630,0.996241;1.000000,24.800000;4
0.086630,0.996241;1.000000,24.800000;59
0.110432,0.993884;1.000000,24.800000;5
0.110432,0.993884;1.000000,24.800000;61
0.135113,0.990830;1.000000,24.800000;6
0.135113,0.990830;1.000000,24.800000;63
0.160676,0.987007;1.000000,24.800000;7
0.160676,0.987007;1.000000,24.800000;65
0.187112,0.982339;0.000000,24.800000;8
0.187112,0.982339;1.000000,24.800000;67
0.214407,0.976744;1.000000,24.800000;9
0.214407,0.976744;1.000000,24.800000;69
0.242536,0.970143;1.000000,24.800000;10
0.242536,0.970143;1.000000,24.800000;71
0.271460,0.962450;1.000000,24.800000;11
0.271460,0.962450;1.000000,24.800000;73
0.301131,0.953583;1.000000,24.800000;12
0.301131,0.953583;1.000000,24.800000;75
0.331486,0.943460;1.000000,24.800000;13
0.331486,0.943460;1.000000,24.800000;77
0.362446,0.932005;1.000000,24.800000;14
0.362446,0.932005;1.000000,24.800000;79
0.393919,0.919145;0.000000,24.800000;15
0.393919,0.919145;1.000000,24.800000;81
0.425797,0.904819;1.000000,24.800000;16
0.425797,0.904819;1.000000,24.800000;83
0.457957,0.888975;1.000000,24.800000;17
0.457957,0.888975;1.000000,24.800000;85
0.490261,0.871576;1.000000,24.800000;18
0.490261,0.871576;1.000000,24.800000;87
0.522562,0.852601;0.000000,24.800000;19
0.522562,0.852601;8.000000,24.800000;89
0.554700,0.832050;0.000000,24.800000;20
0.554700,0.832050;1.000000,24.800000;91
0.586510,0.809942;4.000000,24.800000;21
0.586510,0.809942;1.000000,24.800000;93
0.617822,0.786318;3.000000,24.800000;22
0.617822,0.786318;3.000000,24.800000;95
0.648466,0.761243;0.000000,24.800000;23
0.648466,0.761243;4.000000,24.800000;97
0.678280,0.734803;3.000000,24.800000;24
0.678280,0.734803;3.000000,24.800000;99
0.707107,0.707107;3.000000,24.800000;25
0.707107,0.707107;12.000000,24.800000;101
0.734803,0.678280;1.000000,24.800000;26
0.734803,0.678280;1.000000,24.800000;103
0.761243,0.648466;1.000000,24.800000;27
0.761243,0.648466;4.000000,24.800000;105
0.786318,0.617822;3.000000,24.800000;28
0.786318,0.617822;3.000000,24.800000;107
0.809942,0.586510;0.000000,24.800000;29
0.809942,0.586510;3.000000,24.800000;109
0.832050,0.554700;3.000000,24.800000;30
0.832050,0.554700;3.000000,24.800000;111
0.852601,0.522562;3.000000,24.800000;31
0.852601,0.522562;3.000000,24.800000;113
0.871576,0.490261;0.000000,24.800000;32
0.871576,0.490261;4.000000,24.800000;115
0.888975,0.457957;1.000000,24.800000;33
0.888975,0.457957;4.000000,24.800000;117
0.904819,0.425797;4.000000,24.800000;34
0.904819,0.425797;11.000000,24.800000;119
0.919145,0.393919;0.000000,24.800000;35
0.919145,0.393919;3.000000,24.800000;121
0.932005,0.362446;4.000000,24.800000;36
0.932005,0.362446;4.000000,24.800000;123
0.943460,0.331486;0.000000,24.800000;37
0.943460,0.331486;11.000000,24.800000;125
0.953583,0.301131;8.000000,24.800000;38
0.953583,0.301131;3.000000,24.800000;127
0.962450,0.271460;1.000000,24.800000;39
0.962450,0.271460;4.000000,24.800000;129
0.970143,0.242536;0.000000,24.800000;40
0.970143,0.242536;0.000000,24.800000;131
0.976744,0.214407;4.000000,24.800000;41
0.976744,0.214407;3.000000,24.800000;133
0.982339,0.187112;3.000000,24.800000;42
0.982339,0.187112;3.000000,24.800000;135
0.987007,0.160676;0.000000,24.800000;43
0.987007,0.160676;3.000000,24.800000;137
0.990830,0.135113;0.000000,24.800000;44
0.990830,0.135113;3.000000,24.800000;139
0.993884,0.110432;3.000000,24.800000;45
0.993884,0.110432;11.000000,24.800000;141
0.996241,0.086630;0.000000,24.800000;46
0.996241,0.086630;4.000000,24.800000;143
0.997969,0.063700;0.000000,24.800000;47
0.997969,0.063700;11.000000,24.800000;145
0.999133,0.041631;1.000000,24.800000;48
0.999133,0.041631;3.000000,24.800000;147
0.999792,0.020404;3.000000,24.800000;49
0.999792,0.020404;3.000000,24.800000;149
1.000000,-0.000000;4.000000,24.800000;50
1.000000,-0.000000;11.000000,24.800000;151
0.735931,0.677057;3.000000,24.800000;2
0.591743,0.806126;8.000000,24.800000;24
0.962811,0.270175;1.000000,24.800000;43
0.878552,0.477647;3.000000,24.800000;43
0.750238,0.661167;8.000000,24.800000;43
0.584305,0.811534;1.000000,24.800000;43
0.566820,0.823841;1.000000,24.800000;2
0.369287,0.929315;1.000000,24.800000;2
0.153236,0.988190;0.000000,24.800000;2
0.999201,0.039968;12.000000,24.800000;24
0.965255,0.261309;3.000000,24.800000;24
0.882907,0.469547;3.000000,24.800000;24
0.756287,0.654240;3.000000,24.800000;24
0.397527,0.917590;0.000000,24.800000;24
0.183377,0.983043;0.000000,24.800000;24
0.721387,0.692532;3.000000,24.800000;1
0.549198,0.835692;1.000000,24.800000;1
0.222521,0.974928;12.000000,24.800000;102
0.349469,0.936948;1.000000,24.800000;1
0.132217,0.991221;1.000000,24.800000;1
0.972387,0.233373;3.000000,24.800000;90
0.896077,0.443898;3.000000,24.800000;90
0.774834,0.632165;3.000000,24.800000;90
0.614737,0.788732;3.000000,24.800000;90
0.423815,0.905749;3.000000,24.800000;90
0.000000,1.000000;4.000000,24.800000;102
0.211641,0.977347;11.000000,24.800000;90
1.000000,-0.000000;12.000000,24.800000;102
0.974928,0.222521;3.000000,24.800000;102
0.900969,0.433884;12.000000,24.800000;102
0.781831,0.623490;3.000000,24.800000;102
0.623490,0.781831;12.000000,24.800000;102
0.433884,0.900969;4.000000,24.800000;102
0.998791,0.049156;4.000000,24.800000;43
6
2
24
1
90
102
43
